7.03 0.94 1.13 1.135 -0.81
1.26 3.39 1.3 -1.63 -1.53
0.81 -2.46 6.21 2.1 -1.067
1.345 0.16 2.1 5.33 16
1.29 0.87 1.333 -8 15
2.1
0.84
-3.44
-0.92
-1.47

7.03 0.94 1.13 1.135 -0.81 2.1
1.26 3.39 1.3 -1.63 -1.53 0.84
0.81 -2.46 6.21 2.1 -1.067 -3.44
1.345 0.16 2.1 5.33 16 -0.92
2.635 1.03 3.433 -2.67 31 -2.39

7.03 0.94 1.13 1.135 -0.81
1.26 3.39 1.3 -1.63 -1.53
0.81 -2.46 6.21 2.1 -1.067
1.345 0.16 2.1 5.33 16
2.635 1.03 3.433 -2.67 31
2.1
0.84
-3.44
-0.92
-2.39


|------ input matrix -----|
    7.03        0.94        1.13        1.135       -0.81
    1.26        3.39        1.3     -1.63       -1.53
    0.81        -2.46       6.21        2.1     -1.067
    1.345       0.16        2.1     5.33        16
    1.29        0.87        1.333       -8      15
|----- U matrix -----|
    1       0.133713        0.16074     0.161451        -0.11522
    0       1       0.340668        -0.569119       -0.429866
    0       0       1       0.0729795       -0.298746
    0       0       0       1       3.36677
    0       0       0       0       1
|----- L matrix -----|
    7.03        0       0       0       0
    1.26        3.22152     0       0       0
    0.81        -2.56831        6.95474     0       0
    1.345       -0.0198435      1.89057     4.96358     0
    1.29        0.697511        0.888027        -7.87611        42.2308
|----- L*U matrix -----|
    7.03        0.94        1.13        1.135       -0.81
    1.26        3.39        1.3     -1.63       -1.53
    0.81        -2.46       6.21        2.1     -1.067
    1.345       0.16        2.1     5.33        16
    1.29        0.87        1.333       -8      15
|----- inverse L matrix -----|
    0.142248        0       0       0       0
    -0.0556358      0.310412        0       0       0
    -0.0371129      0.114632        0.143787        0       0
    -0.0246319      -0.0424208      -0.0547666      0.201467        0
    -0.00723972     -0.015449       -0.0132376      0.037574        0.0236794
|----- inverse U matrix -----|
    1       -0.133713       -0.115188       -0.229143       0.794801
    0       1       -0.340668       0.59398     -1.6717
    0       0       1       -0.0729795      0.544451
    0       0       0       1       -3.36677
    0       0       0       0       1
|----- L^(-1)*b -----|
    0.29872     0.143911        -0.476273       -0.0843135      -0.05202
|----- solution -----|
    0.312312        0.343043        -0.498442       0.0908259       -0.05202
|----- residual vector -----|
    4.44089e-16     5.55112e-16     8.88178e-16     5.55112e-16     6.66134e-16
